  0 00000000000000000000000000000000
  1 10000001100100000000001000000000
  2 00000001100011000000000000010001
  3 10000001101000000000001000000000
  4 01011000000011000000011000001111
  5 01011001100011001100011000010000
  6 01100000000000001100100001100011
  7 10101000000000000000011000000000
  8 00000001100011000000000000010001
  9 10001001101000000000001000000000
 10 01011000001001000001001000001111
 11 01011001100011001100011000010000
 12 01100000000000001100100001100011
 13 10101000000000000001001000000000
 14 11111000000000000000000000000000
 15 00000000000001000000000000000000
 16 00000000000000000000000000000001
 17 00000000000000000000000000000000
 99 00000000000000000000000000000011
100 00000000000000000000000000000011
101 00000000000000000000000000000001
102 00000000000000000000000000000010
103 00000000000000000000000000000011
